96 63
88 95
84 135
88 175
92 217
106 255
132 275
158 285
196 295
236 292
262 280
291 257
302 216
304 176
306 132
304 95
300 59
100 39
124 33
150 39
172 47
180 72
215 72
224 48
243 33
268 23
292 25
196 79
198 95
198 109
198 132
164 149
180 156
196 157
219 159
231 151
102 79
122 69
138 71
158 81
138 91
118 93
238 81
255 75
274 73
291 87
274 95
255 95
150 215
162 189
184 177
196 179
208 177
228 191
246 213
224 231
210 237
196 233
182 239
164 229
170 211
179 201
194 201
208 201
216 209
206 216
195 216
182 217